cam0:
  cam_overlaps: [1]
  camera_model: pinhole
  distortion_coeffs: [-0.29684282856299304, 0.0665987765636879, 0.003398738857228889, 0.004446429615582122]
  distortion_model: radtan
  intrinsics: [856.064908619979, 855.3239075719952, 926.3650588956524, 542.2179693040042]
  resolution: [1920, 1080]
  rostopic: /camera/left/image_raw
cam1:
  cam_overlaps: [0]
  camera_model: pinhole
  distortion_coeffs: [-0.2861241669945868, 0.06122867613323637, 0.0029394443551502094, 0.007693998035854788]
  distortion_model: radtan
  intrinsics: [848.8334496957212, 853.1141162803847, 887.8588753558688, 490.06799405159086]
  resolution: [1920, 1080]
  rostopic: /camera/right/image_raw
T_cn_cnm1:
  - [0.9994494676829876, 0.0005968425773791382, 0.03317235787705112, -0.07247937409506879]
  - [-0.0004660148268024556, 0.9999920843255333, -0.003951470162999047, -0.0002649442449331209]
  - [-0.033174453701101524, 0.003933835940363917, 0.9994418345038496, 0.004712338532569504]
  - [0.0, 0.0, 0.0, 1.0]
